68981068116
68981102384
68992047416
68992085204
68992154673
68992255964
68992255964
68992255964
68992288818
68999221661
68999230054
68999251586
68999347375
68999441940
68999791717
68999837800
68999851421
68999853312
68999853312
68999882221
68999882221
68999991222
69981080110
69981216395
69984001902
69984065050
69984065614
69984076612
69984195937
69984318678
69984476596
69984496994
69984635050
69984741695
69984796268
69984981492
69992006555
69992035808
69992046315
69992055138
69992132736
69992181811
69992196000
69992252650
69992252777
69992338560
69992436264
69992489384
69992514144
69992694918
69992722306
69992722306
69992767586
69992770301
69992775310
69992820757
69992832975
69992862005
69992905334
69992962050
69992986421
69993068709
69993123035
69993158136
69993158136
69993158136
69993172822
69993209943
69993227006
69993303930
69993371001
69993401585
69993456131
69993472781
69993550010
69993671825
69993910068
69993968104
69996105266
69999000060
69999115524
69999204368
69999256141
69999286859
69999393000
69999532154
69999621514
69999777961
69999887203
69999995024
71976010246
71980001000
71981043631
71981289117
71981724500
71982956788
71983022483
71983670813
71984179039
71984871413
71985253831
71986561594
71986561596
71986662548
71986821834
71986915525
71987004321
71987200500
71987338789
71987561079
71988624455
71988651679
71988708888
71991356893
71991385848
71991402772
71991441285
71991446137
71991481932
71991563177
71991632878
71991897070
71991897070
71991897070
71992010841
71992012288
71992083076
71992279076
71992280561
71992547399
71992648236
71992794289
71992809811
71992872945
71992880245
71992894574
71992914601
71992991333
71993026236
71993219530
71993414857
71993414857
71993583020
71993862621
71996680607
71996725448
71996769291
71996992363
71997126984
