64992663452
66999048085
66999147834
66999325252
66999389100
66999404191
66999446632
66999552002
66999798679
66999811516
66999819696
66999854422
66999877026
66999969363
66999996588
66999997870
66999999999
67975963276
67981117396
67981232629
67981240237
67981290111
67981359433
67981368931
67981448002
67981540451
67981630110
67981632004
67981650081
67981740756
67981794774
67981857708
67982228252
67984312383
67984319187
67984327999
67984355031
67984794762
67984814966
67991129080
67991202375
67991202525
67991211797
67991256029
67991327998
67991601307
67991721561
67991755668
67991898972
67991965345
67992137399
67992152228
67992169891
67992307211
67992363884
67992373400
67992429676
67992443976
67992482774
67992482774
67992546336
67992638914
67992705238
67992732745
67992925252
67993000867
67993028897
67993050942
67993231731
67993404170
67993421401
67993421432
67996063716
67996099899
67996140031
67996167201
67996312304
67996317173
67996364764
67996394575
67996417473
67996422267
67996444440
67996491419
67996516213
67996530233
67996610304
67996610304
67996610304
67996684118
67996700310
67996748564
67996805777
67996861750
67996933985
67998004144
67998210565
67998210565
67998271522
67998349978
67998367379
67998369888
67998391230
67998396564
67998408296
67998444825
67998497252
67998519524
67998523247
67998530685
67998577344
67998578970
67998609669
67998676171
67998756198
67998760032
67998775225
67998775225
67998800754
67998828837
67998893003
67999028981
67999028981
67999055004
67999142428
67999230721
67999273511
67999303097
67999313035
67999335659
67999336060
67999336340
67999376815
67999376815
67999387047
67999416202
67999439099
67999495326
67999569323
67999617334
67999672050
67999672050
67999674674
67999752972
67999766573
67999864074
67999867006
67999882951
67999947709
